12474.32954519876
(100, 2, 0.19243775100039784)
10566.673622861626
(100, 5, 0.22601410399875022)
9465.886501969097
(100, 10, 0.3138285929999256)
7643.915814696515
(100, 25, 0.5848335759983456)
5043.198035456241
(100, 50, 1.0500619589984126)
12495.004400069009
(200, 2, 0.4060634180023044)
10522.002441871056
(200, 5, 0.4608513089988264)
9449.615959960654
(200, 10, 0.6453567739990831)
7636.240731178466
(200, 25, 1.199760175000847)
5043.599485570681
(200, 50, 2.1626241499980097)
12428.25231328557
(500, 2, 1.0313352099983604)
10544.78234677591
(500, 5, 1.1542372120020445)
9482.857791177687
(500, 10, 1.6572899669990875)
7640.65462914973
(500, 25, 3.1173308020006516)
5042.886190952555
(500, 50, 5.377087879998726)
12428.25231328557
(1000, 2, 2.071521950998431)
10535.21014458505
(1000, 5, 2.3554107700001623)
9439.881758537047
(1000, 10, 3.244346793002478)
7643.188025846331
(1000, 25, 6.183551983001962)
5041.062311482773
(1000, 50, 10.930944962001377)
12428.25231328557
(2500, 2, 5.370565360997716)
10459.988308544991
(2500, 5, 6.087191524999071)
9436.710991237933
(2500, 10, 8.420951107000292)
7631.169535031944
(2500, 25, 15.766150125000422)
5040.101660251376
(2500, 50, 27.29314976599926)

